184
3097
3548
1430
1377
11
384
3878
1514
4167
3498
4347
4751
1883
1946
3167
597
4636
1731
3048
1190
4654
3465
2879
4047
2112
2185
4417
4983
3301
4589
2779
3423
3771
1004
2563
2259
1044
801
4044
4342
1937
3055
151
2315
1812
1456
1171
513
1512
4395
3661
339
1788
1061
3230
3560
2632
992
3804
2474
4191
4921
171
2844
543
3620
155
1813
2867
1416
2809
2410
4640
3747
1975
761
2148
793
1089
3197
1902
4482
4946
3462
1079
4421
3838
3309
2114
4785
3352
2952
4642
2627
3586
2967
3624
2607
2199
1294
1878
331
4299
1379
4839
1345
2964
1529
3422
4313
1408
962
2822
35
1195
2222
3607
146
2464
1518
1949
1764
236
3977
1366
1935
4576
3692
2886
136
3837
2107
1327
1150
3158
4704
2805
2880
2849
1898
2059
3340
2734
180
288
3047
847
4789
3198
2291
163
1813
3375
94
2345
4244
3486
3640
1858
289
1963
4598
4989
3864
4701
2990
1509
2695
2859
2871
1225
3543
4334
1326
387
749
2210
3992
4284
4261
1536
1139
2502
3276
1563
3566
4848
4269
1244
1692
4035
1447
3407
708
2852
1224
1517
3109
3792
3118
3268
4112
1816
2571
4936
3602
2190
4552
4634
929
2693
808
4584
443
2123
3851
3652
2501
450
1676
2426
3818
159
3086
3255
3730
2624
77
2177
1322
2493
3501
3437
3171
4613
1400
3363
667
1969
4796
1280
109
4624
1734
3630
4403
436
3763
2318
629
787
4047
1130
93
1
81
3016
670
2174
856
1798
2148
4768
1060
4999
4000
4673
8
2784
2680
4175
734
1063
321
2295
112
3568
2839
3666
4515
2944
546
291
3038
2609
3238
2206
4218
1885
2604
2691
430
177
2249
2982
1812
4179
4318
3811
4681
4273
331
3216
986
502
3786
3728
3894
3158
906
2519
3708
4299
4237
1149
4711
966
2581
908
678
898
872
4767
147
1909
434
3259
124
4653
4127
3097
119
2039
820
2063
1293
3002
4004
2776
864
931
1140
4858
4520
3904
7
4406
3427
4297
1230
803
1070
4300
1353
1553
3871
4506
1389
4415
2057
957
3676
1321
2746
4085
1517
673
3358
114
4325
2112
4959
1251
2102
3571
4748
490
3577
500
1937
2337
1514
2982
2067
3875
1517
774
1269
377
2750
3945
2350
3382
1386
1873
764
1794
4541
4077
3078
1176
4163
4223
2606
4949
2926
2413
3682
1632
4816
3674
3357
121
4903
3441
3760
3397
2405
4146
3113
3194
1029
4457
4253
3521
4723
2165
4222
1722
3627
4047
2875
33
4528
4935
4313
1666
4833
3650
1414
4426
1561
3257
2092
4386
3471
536
4199
3458
4448
3812
2174
3774
1448
724
2326
1526
89
1670
2588
1376
2711
4658
2514
3391
3824
2253
4499
3337
1428
555
551
4207
398
3224
419
2533
2788
221
129
1910
2755
1009
2654
4348
1187
1045
34
4620
1483
819
4534
415
3705
3815
606
1283
1509
3853
4378
3000
3078
3225
1321
2075
4479
4002
4541
2203
61
2166
2581
3787
1973
1504
1347
709
3959
1519
1195
2998
4309
898
15
956
1777
1844
1399
2404
3341
874
2419
4099
139
1529
4824
4019
350
1162
1031
4069
2660
3486
4109
4980
525
239
3381
4600
1776
2564
1242
3127
219
496
4220
4303
63
4511
888
4928
4283
3490
2879
121
3434
750
27
2644
1110
3519
4469
3887
1810
2315
3057
1009
1126
2182
3482
332
3873
3007
1564
366
1167
3664
4478
3035
1345
4853
3914
621
772
1002
4145
689
118
1348
2295
1445
2920
4495
2660
4184
527
2356
3320
3768
2013
4923
2254
3269
1547
1971
452
2841
4949
1358
438
4228
4977
3468
355
3948
2570
4195
2256
183
1546
231
3485
2769
2683
4638
3749
3324
741
3715
1931
169
2373
4979
3401
4105
4057
4432
1678
4721
1278
117
670
4756
1892
1075
2978
1925
2020
358
1909
2904
886
713
806
1535
3403
2631
2406
3349
2520
3297
854
2653
606
1614
1492
887
4965
283
3833
4829
4399
4122
1808
3125
1330
2920
3773
2748
4959
1939
3617
2327
4160
2409
4607
98
941
1308
2100
1725
2293
959
1866
4696
2199
388
3836
2300
3272
2114
3362
3337
1277
4712
1498
1314
766
2357
907
1456
2395
2651
4318
3381
3263
2835
2484
1184
1830
730
4122
3891
503
4948
186
3337
371
2743
4864
4449
3790
281
1166
727
3691
4832
3870
4175
606
1461
456
2556
144
4505
1050
668
2983
4771
3446
4481
1944
523
1527
198
1151
3748
4839
1017
4004
907
256
3834
2958
1511
243
497
447
3240
4518
2673
4460
1798
338
4836
4119
2749
2748
4658
1895
4697
77
1426
1826
2307
4100
1369
2441
2380
280
1104
2601
2836
2785
446
1274
714
4293
4889
2691
716
4499
1270
3480
2503
2071
671
1270
3789
1450
262
2535
1376
3906
1526
1330
3445
2587
4702
3345
1321
2442
4796
4791
4220
97
3146
1828
2563
3603
1901
682
424
820
2581
1839
3487
4281
578
1948
2855
527
120
2153
1756
2247
2971
549
4997
2500
4117
1908
4299
3794
2183
3986
1837
1161
4776
4590
511
697
1445
112
136
2025
2287
3059
4498
2228
1909
2661
1734
1061
2705
2651
2504
4914
556
493
1874
2521
3896
3367
102
1802
3543
3293
3446
1907
1203
1494
2467
607
2776
4524
3621
4272
3018
4274
1961
2825
14
2971
3326
4616
509
1369
1543
3802
3801
2302
2148
4889
4273
3834
1299
3764
1638
425
59
1720
4457
418
4863
3618
909
662
4302
2175
2109
2372
3935
758
2767
3043
4848
4545
1058
416
927
2285
4884
4762
1601
2995
1845
236
22
3642
4565
1045
292
1561
2443
3852
1713
539
3640
2746
4540
4460
2281
525
3787
4209
3051
4703
656
3786
2515
496
2073
3258
3268
2144
4681
3238
2774
4384
3427
1650
1266
3638
1952
2747
1572
1259
1412
3084
2050
779
3770
3083
4665
538
298
485
3529
2707
4308
345
4751
1818
2315
1676
1242
4895
2128
3732
1152
3214
4474
4098
2496
652
4030
730
3791
1889
3666
1907
2007
4335
859
2904
1361
4639
4309
3387
3823
4092
2393
329
3072
4991
2043
3515
4995
2531
3207
2790
2527
4136
2141
236
3707
3816
3782
88
150
4184
4104
874
3179
3839
4077
2834
464
2617
12
3062
3311
1544
1742
2214
3647
2050
4130
1894
748
1470
3662
479
2213
4438
3466
3891
1227
989
4100
1707
3643
4148
3377
2067
21
4632
3858
3455
111
1078
4498
4167
2220
1081
4543
2414
3955
2234
4284
654
275
30
3754
3015
3956
4759
3130
369
1647
1569
1123
1836
2500
2309
819
3600
1503
709
1186
4130
3384
109
4328
1445
331
139
4396
2241
2463
887
2398
4525
1564
3406
4437
2298
631
3622
4851
1490
3222
3064
2006
3049
1603
3993
1240
3411
1103
4657
1783
3525
275
1455
4225
3316
2751
2807
3425
3391
546
3136
3710
2121
2017
4615
3115
3782
3185
1734
180
3481
4000
1719
823
3341
3388
1066
1342
2914
1312
1507
2335
4403
1285
1221
2402
3353
4534
3643
4490
2088
2204
626
566
1543
1847
3721
4421
2706
1123
110
3714
1988
2950
190
4929
2652
3834
1583
3227
1580
2272
28
2984
2798
4775
3805
841
1873
2002
2846
1685
4440
456
2879
3289
4179
2846
1735
4160
204
1057
3749
3229
2282
2313
3916
3330
4193
1997
2014
3161
873
1877
357
3248
2995
1277
2666
145
1051
4679
4114
2603
935
3910
1549
3446
4722
2608
1195
389
2516
795
2202
4618
4848
2850
146
2352
1322
2243
2755
3318
174
2517
1247
2786
2878
2805
2972
1678
854
2501
2291
1490
911
4711
4325
840
4821
292
194
2573
3213
4792
4902
3383
3937
4387
1969
3288
3728
2849
4258
274
1797
4873
4829
2568
4205
2761
2686
4083
1686
4945
1893
1273
4350
2773
4657
1369
1673
4226
1644
2194
4804
3506
3766
3730
5
4023
3708
4909
1953
3481
598
2760
3565
67
4006
2174
2118
2451
329
4774
3674
1986
4270
848
3821
3870
305
3826
981
1042
3457
3362
2881
2663
3469
4851
426
3814
1310
2131
2086
4873
566
2975
570
3716
4991
1758
2067
3935
3573
1454
3499
502
3421
3641
1452
497
3910
2444
2918
3288
4516
4697
788
2201
2977
282
2370
1488
1782
4279
752
405
4221
1932
887
883
3690
511
4135
1427
164
1516
461
4237
1723
2616
2169
2792
2630
1049
2447
2776
839
1430
150
1887
276
200
4268
672
4324
4022
4453
477
94
107
649
4341
750
4829
4658
4318
2324
4083
409
2575
2005
3984
1768
386
3285
870
4592
1801
298
2100
1107
296
4930
4232
4064
3573
3566
2541
3224
1112
396
691
3012
276
256
2319
4263
1399
3501
317
3586
1412
2002
3528
2988
2667
4427
2419
1654
2628
3965
4775
416
2241
4889
411
761
2320
1242
3157
4345
457
2924
3947
1564
188
2161
1894
3580
203
1570
1727
1550
505
3382
3291
2322
289
412
1657
4341
3958
648
4713
4069
2253
1554
4992
2592
2016
4100
4784
1269
3941
2706
2923
4158
3689
3912
1849
3159
1361
1297
1702
545
1091
2053
4884
3768
2581
1118
4014
1879
2592
3030
760
1166
711
877
4782
4992
3187
250
2981
2578
1129
4335
1604
2130
1161
3881
1865
1382
3051
2779
1869
263
3648
2897
426
1624
2449
3663
3172
3080
736
2100
3268
3051
3409
1604
1522
4648
2123
2554
608
4940
1563
2594
2995
307
2350
4640
2950
1318
4869
4627
662
1144
3058
1047
4936
758
2321
4546
397
2308
3452
4580
4014
1358
1117
3476
1398
2683
4375
1118
4981
4001
2503
1115
2501
4180
336
1051
463
3292
4470
174
2131
124
1538
1826
577
2935
1755
3476
3919
17
510
712
4064
3820
2752
4434
2649
410
246
467
1936
4966
2820
685
4052
2546
2685
1465
2307
1011
839
3444
1015
1628
4997
2746
1542
2757
233
560
1478
612
3246
499
1418
2216
2134
3647
2632
2168
1193
335
842
1590
4271
1257
242
1074
3652
1981
4432
4584
2528
3921
127
2450
1864
2165
3781
2270
2222
2336
751
3741
4028
2495
4032
670
4470
3535
3802
2779
3511
4422
4755
633
1397
310
327
475
408
2682
2502
1017
4992
4431
4879
3147
1437
4440
2623
1004
3982
2668
365
3779
4983
3720
4862
4737
1444
49
1878
1463
1141
3276
4723
2243
332
3887
3902
346
345
2932
655
4653
775
2572
972
2980
228
3576
4956
2454
1114
1421
2349
2439
1176
543
1415
1948
4713
423
2678
3812
4926
4123
2640
3266
686
2964
2060
4452
2109
3351
707
1865
2926
2068
4700
4111
2503
3573
3596
2667
3624
1380
793
3693
2372
2386
3919
4679
2348
4408
1386
4494
4271
2576
1250
247
1212
2769
1196
3149
467
2709
828
706
3526
3551
248
773
282
1842
3061
4418
4657
4108
4684
1065
4749
3732
2692
1429
1497
873
3737
2557
1509
4422
895
2443
793
49
402
3392
1922
2518
4112
4862
2814
3967
2915
2984
1454
3149
985
2942
2199
2989
823
2628
3870
829
137
4257
126
979
1177
2138
1070
2362
4031
3279
1191
1774
4543
1399
4231
4102
3524
3786
708
3833
3637
1455
2153
2004
4817
710
2277
3955
343
858
807
4746
4510
2935
1192
4037
2358
3763
4433
2141
2877
3153
1648
2986
386
4915
102
2831
1211
2811
3472
2704
2254
1476
3720
820
4067
822
2729
3549
2368
2852
4634
2553
1981
4810
1728
1385
3976
349
3767
4924
4403
1085
2775
1712
452
2309
863
2488
295
2425
2129
4126
755
65
1468
2582
962
1323
716
783
3448
3362
2783
4701
2232
1929
4869
158
4641
510
124
75
994
4686
4701
859
2013
728
4238
602
4419
4039
4490
2966
4544
4817
441
2200
4207
1827
550
4698
603
4645
3020
2265
411
529
647
2372
4312
1224
2754
368
4854
3572
3922
3325
1104
3973
3088
3758
3513
2209
4864
2686
3611
2881
2789
3819
4224
1685
1912
126
1890
2077
3373
1369
4928
4846
3370
4627
1012
4820
2211
3521
1001
2577
373
2648
791
4981
4390
3733
943
567
1464
1704
2016
2928
2047
408
2407
3342
3922
2632
1274
2977
4896
2365
1042
1728
3586
1599
3134
3845
3880
1006
2813
4509
729
4402
4512
2749
1235
3982
1129
3582
2244
1086
2107
704
1302
3306
754
1919
2252
3635
4179
187
4546
3232
2941
301
2793
1914
4830
4609
4401
248
4667
1860
1194
770
1969
3110
1339
73
3378
2381
953
2179
1362
1318
294
102
1448
4867
3205
2748
1986
2358
3098
4464
4535
1057
1653
2883
3846
2514
2615
3182
327
3235
3338
1986
120
910
3207
4805
47
2751
4912
4160
171
940
1991
818
158
2482
3172
4011
4296
3738
767
4734
3042
2424
68
2057
4128
3486
3253
1929
2337
3025
3646
3240
3122
4679
992
1354
4506
1316
2715
859
3183
3908
850
1952
3021
4663
3680
3780
942
4175
652
859
4308
2650
1468
2472
1541
4198
3539
2580
808
4979
3869
2857
4071
4039
4017
4801
1517
2705
66
2647
4092
322
4857
3940
1820
1602
280
3315
720
1790
2029
3984
1988
2300
1075
3436
4653
518
3130
1136
2587
2767
777
1777
4770
2144
2521
4413
4797
2997
2662
1393
3929
2873
1453
1575
1013
2988
1292
1716
689
742
3378
569
3315
3483
262
4049
1393
1011
2394
1841
4566
3064
2243
1995
9
1033
1870
4117
1369
2732
2956
2109
2681
1708
3025
186
2571
430
2450
4000
4759
4601
1825
3370
1291
2337
1187
923
1566
434
636
380
1401
1326
4609
4155
2964
2669
27
2810
3385
4952
2445
4295
1160
3879
663
172
1334
4271
4757
542
71
791
4546
3393
2376
4063
2099
4756
2885
664
2281
1470
3868
2837
292
3196
321
497
2436
762
4291
220
4773
1785
1502
3393
887
1674
4805
4664
3780
1529
657
4044
3887
3489
1127
3881
3128
412
4000
4225
2675
4875
2005
1333
4683
459
682
4033
3322
3471
2697
2675
4225
2706
2250
871
4326
2513
4305
1392
750
4672
2995
1204
4293
1046
1196
4964
3820
1202
1725
2878
1042
2938
4372
2124
1389
3188
568
704
1507
1917
4465
1537
1645
1543
3435
143
891
622
4696
1912
4691
3706
4478
2129
46
3022
1067
1439
2294
4248
2544
4325
358
4111
1989
160
3658
2585
3296
768
532
1225
3152
4735
1657
68
1542
4447
1542
2775
4619
1649
4462
1371
2194
3070
4103
2468
610
1865
4337
4393
4136
850
1010
3865
364
4267
839
1757
336
193
733
387
1767
1114
1489
2057
871
2027
3725
2006
4912
1082
342
1279
3830
2113
1753
3115
2203
2634
1273
3199
4144
4959
2339
2255
4064
119
206
2565
2726
916
2620
4356
1345
1875
3368
4403
291
1115
4349
1584
2924
4592
4416
1933
56
2060
1254
4014
374
4531
4026
827
1021
3098
315
4246
1436
2629
4487
574
166
3951
4127
720
2125
1163
1478
650
679
229
1340
3962
2453
2677
2902
544
4089
4389
4680
3926
3247
3225
3111
2166
2735
4637
4047
4828
2668
4553
2990
2276
3980
3390
4265
2294
4832
2122
818
657
3877
797
1887
39
4351
792
1836
2611
2889
2726
1648
4133
2701
3303
3170
798
3471
909
4197
4399
4533
4513
4556
1540
335
399
2240
2406
2218
4665
4528
3294
4881
2275
284
4268
3250
532
1719
2885
3505
2571
3764
4222
3072
2882
1057
2184
3937
1803
909
3633
2985
1773
4799
4976
4448
4984
1347
2207
990
3254
1114
4735
4368
3890
404
672
3270
4195
3182
634
4875
1297
4704
3239
2476
614
4697
42
999
3558
4507
891
2424
2834
2746
2425
868
3261
2819
4446
519
2294
2464
774
3200
1307
3491
3975
771
3589
1855
2348
1179
1686
4678
3692
1554
4538
3342
2539
63
2106
2855
3335
2518
260
2904
1968
2796
542
1245
3382
3785
1439
3719
1828
3080
764
427
832
231
2775
2859
1149
4895
3222
471
527
1731
66
553
1609
1689
1104
1061
4432
926
4608
4585
4056
124
456
3924
866
468
4024
4941
504
1493
3910
4484
1616
1454
4584
4310
3961
3477
4092
3006
3547
4811
4940
3367
1429
4281
1459
4085
4602
1276
2428
3402
2032
150
1243
2250
4134
4391
2929
4435
4969
4087
2440
4949
1594
2800
1791
1936
1730
4194
2398
4692
409
1758
3316
4163
254
3804
1427
3685
3841
4683
747
4657
299
2635
1875
2154
6
346
1283
4172
1109
3991
2936
3878
2288
3688
3768
303
25
3838
2641
3858
2956
4409
3204
3504
1798
4078
2907
1158
4196
1749
4917
4803
235
3713
1159
1745
3506
1852
4518
212
2117
2859
3815
1752
1276
315
3780
2329
4028
1185
3755
4485
2968
2463
1653
2998
2715
530
2681
1638
3087
2322
3894
4668
3838
121
4312
1990
4818
1604
1955
892
596
1329
4544
4307
989
4364
3796
3741
1498
4164
1579
1225
2294
3814
1621
2713
1453
1646
499
2398
2962
3158
1598
2160
191
3514
4758
2704
2644
235
2321
769
4696
1614
4385
496
3070
4956
2200
379
2327
4747
3904
3611
2050
233
4615
484
2743
806
3854
4494
4389
2095
1943
3177
1027
820
4326
1425
2881
369
3456
2831
4190
274
3104
3955
2846
3506
628
2626
3754
1778
1168
319
904
3288
2254
4270
666
4662
2452
4415
2443
4479
1831
613
1289
1470
805
1488
186
4433
656
17
2877
814
1068
4253
1348
4257
1640
894
3103
1283
4300
2997
3553
2341
829
1921
2540
518
3919
4433
1988
1063
1673
3752
4296
1143
652
3538
2234
2023
2822
4028
2454
3868
1297
3303
3538
2791
3766
1615
4550
2866
4635
1488
55
3008
1091
4868
4014
909
2318
4797
4543
4443
1719
2428
4729
2084
1250
2438
2192
880
220
4835
2328
1859
485
2454
6
2706
4203
4261
622
302
2787
2018
4915
3337
3009
2935
1996
4177
3921
451
2642
525
2407
2419
1977
135
161
621
2171
1018
3391
2793
3806
2934
3966
3094
4644
4497
133
2306
2288
3356
4520
4673
3069
1916
2674
2711
2783
4520
4316
3600
359
4535
1370
2211
1404
4710
1774
4597
4945
1798
3325
3438
2605
3601
4312
782
128
2329
2331
4869
3408
554
1278
4004
4765
1194
1072
4830
1587
479
4771
2444
1462
586
1667
3557
1056
3650
728
4921
3730
1920
4743
680
4962
4068
4746
4016
107
3887
1260
437
806
2693
3951
539
4707
579
3483
436
1095
2789
823
4275
583
2366
2403
4105
909
2706
886
4356
4155
1026
3208
1134
3242
3286
3753
486
2639
550
617
3017
2716
1076
242
2298
2592
2162
3955
544
764
4047
4909
2165
564
600
42
273
2977
3633
345
262
3082
4880
1955
3828
4907
580
3783
2312
2505
2235
338
4147
979
3065
681
1513
3247
1741
560
928
3944
4991
3248
4607
3853
1970
1923
4431
1665
1662
3489
3366
1747
2414
1374
716
3512
4852
2834
1464
4562
360
3747
995
2030
738
4613
4990
51
4085
2214
303
4009
3477
2236
852
2338
4680
142
3730
4009
4880
2262
4029
1096
1460
3130
2262
4864
3057
3603
708
1544
4964
590
3413
4957
2444
3516
740
3853
2922
4421
4964
362
2452
3026
1399
1421
60
1939
985
2968
2829
671
209
1777
91
1516
839
997
3719
1274
3847
3127
4716
3905
1324
75
2328
2936
4229
3831
4647
3513
1997
3259
2074
2711
742
2704
4645
2109
3655
881
42
1490
2672
3684
4921
43
4498
4000
1088
683
2709
226
1453
3912
4626
863
63
1377
2580
1868
2697
247
108
4880
1147
898
1264
1837
794
4200
1151
4336
702
4087
2677
1116
1789
1756
3445
1396
2597
1689
3018
2842
1908
3694
3361
3395
1426
4175
4660
2352
1373
2807
4218
4816
454
2912
3125
4237
4341
3098
373
2082
1063
3463
3696
2269
3070
1970
1518
2560
4166
1609
1848
718
249
3494
105
2646
3170
1155
1569
2714
2247
3800
1990
3351
35
3352
457
28
2797
4107
736
990
3223
658
4498
4469
1659
4169
4428
1948
3415
1689
2062
264
3822
2926
4362
2950
1654
1037
2167
2563
4503
3893
2749
2397
3915
1569
3059
4217
4017
4221
539
756
3245
751
4821
438
504
2189
2360
3397
654
866
3563
67
2709
4602
994
4075
422
2884
3680
840
4548
1087
3395
605
2855
848
4267
1079
4933
4990
3411
1612
3174
3929
4137
237
3500
3027
3385
4181
914
825
4714
4287
1910
2650
4292
4903
1618
416
745
3818
736
2929
1904
2583
4385
3206
1536
2093
1893
172
3472
502
291
3064
1990
121
1780
4087
3531
3333
1797
513
3966
2061
1056
311
247
4518
1244
4207
4987
2164
1349
3237
672
9
4560
1447
747
1382
1945
4871
4015
3822
923
119
4815
1225
4996
3580
2739
1171
4888
4032
1099
2510
3287
3504
2825
2581
2764
1138
742
2788
4172
3026
1514
3293
3756
2763
2722
1159
4932
1196
1101
2167
2212
4742
2161
3277
4275
224
1944
4948
4257
4664
3009
4881
3098
2637
1884
45
314
3277
4985
149
950
2984
3548
3408
923
134
397
1085
2426
4600
4648
2834
1278
1783
1509
955
4562
1981
1460
4937
2379
402
2695
400
3419
2500
1839
4411
3982
4682
599
1327
923
2846
3786
4518
2203
1949
2056
4279
854
365
1656
1995
2275
393
2760
3506
2350
3710
47
2376
2592
2924
4216
1247
2543
2556
3419
1166
3029
3821
3323
3829
2673
1376
3137
1000
3951
91
2886
1687
1997
719
4184
4651
734
4054
229
1694
4656
2084
583
160
4271
4965
3648
2804
2083
295
3154
3946
2124
188
2623
1643
3564
667
2304
312
1824
604
1936
3473
3759
539
739
4436
1487
318
4266
961
2320
1960
4860
2958
2306
2841
2731
4367
2162
4074
1035
2421
4913
2423
1576
3016
3780
2135
2145
1434
3064
1876
3784
976
579
1156
3256
4007
433
1255
1753
4499
4608
3485
2244
2065
265
4675
1612
3143
2867
3221
2838
2774
715
30
1375
4411
1045
4267
3078
4008
3190
1232
194
4429
2651
3244
3748
1571
3979
2795
3837
2615
3965
1872
1769
4325
1367
128
881
1739
4582
2412
2348
2418
4544
925
4538
590
3433
1718
3050
3135
1003
4181
2423
2281
3124
854
2569
862
2213
1592
71
4061
3903
3895
2290
4370
620
1448
831
4422
1963
3706
2296
3572
3641
3965
1271
3009
1724
584
4410
3704
3424
3209
3771
793
818
1755
1671
3553
2728
2136
1582
4091
1727
738
1025
1867
1424
4334
2905
3949
1469
3200
1337
4396
1329
112
194
4460
4644
3955
3953
105
4367
2913
3519
3599
3085
4187
32
1410
1575
1538
4787
1501
2041
784
3470
1660
893
266
4292
800
4246
3326
1272
2502
3241
4995
690
406
2123
1259
2084
1759
3870
2085
3213
2130
3987
6
3941
1623
1166
1170
1402
2221
4067
3181
64
3485
582
3609
1559
2105
4707
1414
2279
1067
3870
1156
713
463
2366
2829
3411
4342
4451
1568
4893
3388
2700
2490
4803
1025
2980
4871
2367
3862
3087
1391
1321
4333
4143
154
969
3025
753
584
480
1089
536
2680
790
49
2900
1272
1325
3345
2183
3624
4544
2472
2999
3195
259
3010
4141
4309
4855
4523
4628
4854
2380
2110
3689
2915
3272
1434
1145
4023
1537
657
4724
1182
2595
74
33
4829
2028
3424
2219
4761
586
4504
2625
2497
753
3986
1504
2864
2092
3851
4629
1937
4222
3164
4441
4894
735
4882
575
2687
2133
2781
3801
1781
2851
1132
1878
3532
175
1398
894
1365
2743
3770
2925
3962
2323
1160
1063
293
735
1002
3978
3655
1446
283
3131
1284
3221
2340
415
1306
1116
941
2843
1950
1591
3296
2608
3247
4634
1462
2592
4478
1598
1873
354
2170
2788
3967
3719
4273
1887
1124
3374
2945
94
2908
1885
1850
1445
4702
4232
2236
4843
94
987
2269
1664
474
435
3995
849
3063
3436
2508
2140
635
3028
4906
2270
1930
1885
4121
55
4303
34
1251
575
2532
4742
2726
4499
4830
876
1515
1191
2316
1991
3924
4363
1459
1005
2722
4179
533
766
4258
4977
2785
2812
1556
3567
4158
1662
1180
1193
63
1459
2186
2619
2548
2451
842
1153
735
1681
1878
2464
4944
57
2567
1378
3918
1814
2621
1045
1129
4966
3326
2463
4623
387
1147
2695
3257
1467
839
3000
4242
3629
1828
1387
4790
3594
3901
1491
4935
2934
701
39
1667
2145
879
113
1083
55
3657
233
1652
27
560
4649
468
2503
139
27
4766
843
3202
1658
1370
1614
3974
4473
4506
4972
3678
4221
4038
1855
3756
2784
2523
3664
9
3756
1698
4016
2193
2025
1738
4947
4242
795
2705
85
330
2377
885
4816
4608
3438
74
3188
1027
3484
186
431
4609
2278
933
4125
634
2902
1032
3324
4599
4642
2838
3041
2851
371
54
816
2008
3835
1855
72
2610
3636
4442
729
3699
3361
1801
56
3712
4690
2325
1926
3590
4891
2329
1327
4938
3896
1433
4596
1165
909
3961
4134
4203
132
245
3892
2395
3015
1572
4283
2564
4350
1238
2828
4473
60
333
933
1226
3305
1750
157
4930
2913
2286
1792
1180
2372
219
2940
1904
1546
1467
3100
1148
2250
4661
47
685
1470
2262
901
2403
502
4627
3219
4350
1873
797
4971
667
4026
2037
2080
3532
2110
4570
4074
3691
3676
3222
297
31
3707
2916
3882
2110
2337
2046
3541
993
2606
3755
4620
4275
285
318
1921
3221
91
1920
4459
144
2030
3704
1754
3069
4767
4743
1378
3590
3767
3574
1250
1420
386
4929
1653
813
431
3021
3380
4895
1696
3662
2635
947
4876
1161
298
4151
2542
2703
1108
1109
3807
4601
678
2891
423
2123
3706
3671
2067
2442
857
2066
2930
3459
160
2945
4459
1103
2458
3620
4382
3938
1278
3050
3380
1221
3616
2168
2457
944
2650
643
2931
2822
2196
969
3261
558
27
3330
4891
1654
530
563
412
4382
798
1099
1774
2992
2598
3040
1662
877
1445
2362
3353
4212
1309
3900
332
779
1398
3467
2618
4729
1982
4813
4077
2566
3896
3228
2246
1561
4649
875
4495
3731
4542
4755
2612
1892
4553
3357
2746
2393
793
1236
509
2052
2449
4544
4996
3326
3556
4538
4876
4035
1826
3127
878
3707
1200
1674
2225
2983
1743
4912
3245
3303
3384
744
978
2936
4510
3040
3388
335
3922
922
1214
228
4965
4989
3102
3244
768
3788
2767
4436
3421
1530
2142
4161
192
436
2406
3874
2949
4169
1251
662
2352
529
3369
401
620
1946
425
1236
1274
1269
4071
681
447
4034
3722
3173
3270
706
2591
4427
4677
3833
849
966
2150
3795
1214
1938
4216
54
2896
743
872
1049
1850
2226
2273
1360
448
1421
3855
3453
1718
3704
3960
2172
1277
753
540
2549
2191
4709
1853
3149
2287
2874
4438
3617
3397
287
504
2380
4910
4625
3568
1019
2788
2493
2939
2013
1220
2242
1260
4751
1447
3903
2206
1268
3888
4350
2595
2241
924
3474
2045
2743
574
2383
1714
817
954
726
3519
814
2976
4548
4371
1376
2562
366
346
365
4979
832
3057
1479
1016
4901
1540
2416
2183
2532
2169
3170
4429
3059
4411
2308
647
15
4163
4162
627
1992
1947
2703
34
1485
4825
2793
2918
4321
2052
1204
4244
3771
3471
2068
809
4525
2851
3039
2475
3926
296
4072
1827
1605
1353
3842
2861
2696
1357
3275
648
2311
4626
1735
4115
592
3240
2636
3943
4155
1801
4617
4203
1882
3697
3381
2941
4761
697
2589
4531
178
2392
2029
1435
4635
976
522
4954
2891
1288
2038
2432
1025
1623
437
4458
3429
4689
3178
1974
3604
1185
1173
1103
2083
207
3966
3881
499
3596
3338
953
4085
2333
175
1315
711
793
1950
4898
925
4809
1461
1947
673
4444
815
4082
973
3611
297
4527
257
26
2776
2261
3718
922
2245
2351
3124
2371
1063
3735
1215
420
2293
2321
341
2270
427
2490
1193
2283
4164
3500
707
4432
1563
4810
4215
2000
211
4346
2080
2951
4428
1289
2091
4120
4795
3183
3617
4125
3749
4430
856
129
2884
3561
1983
2851
1736
1964
4666
1116
876
3697
2897
863
1306
1889
255
3810
2680
2804
1708
3922
961
3735
1509
4672
4299
3887
1224
1694
1770
3666
524
1350
792
2552
1162
3619
254
3477
4031
388
2452
645
2493
354
3985
2699
99
2970
2199
729
1720
3391
2731
4393
150
3788
3212
2436
3670
7
3798
2455
3858
3624
4427
3353
2331
3175
1807
1176
3547
3431
4744
3470
2434
3922
1794
1069
4345
797
4557
4807
1390
1828
426
1113
2190
1155
165
2958
1405
8
3774
367
3902
1275
3040
1324
798
1686
4142
4494
4472
4903
1762
3207
2166
4987
3292
1273
834
2461
3990
1667
175
1334
4530
4878
3209
86
4153
3183
1872
1383
1290
1344
4743
1598
716
1486
1721
2748
2457
2727
1944
4218
384
1205
1461
4731
4343
2343
4565
3262
2752
1639
3619
93
345
4897
4419
1755
402
853
1293
469
4264
3976
878
846
747
3954
649
3729
3362
4142
1869
4905
4072
3843
777
192
4785
491
2754
250
1082
1611
4172
1708
4991
3032
3470
1639
4497
4641
1081
3031
1609
1165
3822
1295
4891
2730
3221
3395
2211
1817
595
659
1938
1941
3311
4973
4169
850
2383
373
3480
552
4389
2419
4942
4460
2607
2461
1822
3841
4165
3201
